724.148,0,
Mascot_mz,MassHunter_mz,Difference
No match found,,
,,
